version https://git-lfs.github.com/spec/v1
oid sha256:90e9d27764db87eefb2ff0f5433fd7a8c930380f2da9059532ddf1992c490676
size 3226901
